0.06270694732666016
0.1002511978149414
0.10889005661010742
0.0948631763458252
0.09813714027404785
0.07842469215393066
0.08170080184936523
0.051911115646362305
0.10712671279907227
0.08040332794189453
0.07864499092102051
0.08775782585144043
0.0861198902130127
0.09388113021850586
0.0932607650756836
0.053994178771972656
0.09886574745178223
0.08206391334533691
0.07645106315612793
0.08063697814941406
0.0786750316619873
0.08334803581237793
0.05405163764953613
0.10043883323669434
0.09099912643432617
0.07957792282104492
0.0800771713256836
0.08394193649291992
0.09472775459289551
0.05846405029296875
0.11218786239624023
0.08351278305053711
0.0823678970336914
0.08228397369384766
0.09103274345397949
0.08263015747070312
0.05291104316711426
0.10417580604553223
0.08291220664978027
0.08449912071228027
0.09609699249267578
0.08933806419372559
0.09052801132202148
0.12129569053649902
0.09442472457885742
0.0872960090637207
0.08780193328857422
0.08612680435180664
0.08857917785644531
0.08675813674926758
0.05515313148498535
0.11395788192749023
0.09460115432739258
0.09149789810180664
0.09279203414916992
0.09099698066711426
0.10048413276672363
0.06066107749938965
0.11859488487243652
0.09805011749267578
0.09836125373840332
0.09329605102539062
0.09730291366577148
0.059797048568725586
0.15272927284240723
0.09752321243286133
0.10089707374572754
0.10224485397338867
0.09845805168151855
0.09758114814758301
0.062463998794555664
0.1268000602722168
0.09840607643127441
0.10822796821594238
0.12079930305480957
0.11620211601257324
0.12362289428710938
0.08955216407775879
0.15468311309814453
0.11106300354003906
0.10321593284606934
0.10737895965576172
0.10707998275756836
0.06222701072692871
0.13275909423828125
0.10664820671081543
0.07003593444824219
0.13666987419128418
0.10331487655639648
0.10613703727722168
0.10171794891357422
0.10199189186096191
0.1001589298248291
0.06393599510192871
0.1301741600036621
0.1067039966583252
0.10795998573303223
0.10641694068908691
0.11112594604492188
0.10453510284423828
0.0703589916229248
0.13979315757751465
0.1088252067565918
0.10636305809020996
0.10451912879943848
0.10570597648620605
0.1147756576538086
0.10916423797607422
0.06598997116088867
0.1349329948425293
0.10491609573364258
0.11082792282104492
0.12522387504577637
0.1481609344482422
0.1470479965209961
0.13422822952270508
0.09121012687683105
0.14978265762329102
0.12171816825866699
0.11538100242614746
0.11966109275817871
0.07063984870910645
0.15291905403137207
0.11391925811767578
0.1163640022277832
0.06610488891601562
0.13413619995117188
0.10884213447570801
0.0675208568572998
0.13622689247131348
0.11791729927062988
0.07381391525268555
0.1544361114501953
0.12158703804016113
0.07384610176086426
0.15133094787597656
0.12294411659240723
0.07109880447387695
0.1566610336303711
0.11588907241821289
0.08192896842956543
0.14172601699829102
0.11054515838623047
0.11157584190368652
0.07074832916259766
0.1393580436706543
0.11893892288208008
0.11321496963500977
0.07095813751220703
0.13824009895324707
0.11103701591491699
0.11173009872436523
0.10998916625976562
0.15527701377868652
0.13699817657470703
0.11596512794494629
0.0770728588104248
0.1631159782409668
0.12974214553833008
0.0869150161743164
0.1685628890991211
0.12617921829223633
0.15205693244934082
0.07652997970581055
0.15337705612182617
0.12324094772338867
0.1276228427886963
0.07640886306762695
0.15449976921081543
0.1359548568725586
0.14593100547790527
0.0989370346069336
0.2009119987487793
0.14313817024230957
0.0845029354095459
0.17401504516601562
0.1346437931060791
0.12369084358215332
0.07500720024108887
0.1614971160888672
0.13006997108459473
0.13079118728637695
0.13359999656677246
0.08605790138244629
0.18045973777770996
0.14490699768066406
0.13258886337280273
0.07396769523620605
0.15331387519836426
0.1259322166442871
0.07474398612976074
0.15535306930541992
0.12493610382080078
0.0792551040649414
0.16388297080993652
0.08719587326049805
0.161909818649292
0.08792901039123535
0.16681289672851562
0.08663511276245117
0.16582608222961426
0.08113694190979004
0.16449737548828125
0.09035706520080566
0.20994997024536133
0.08431506156921387
0.19049620628356934
0.09963512420654297
0.21169114112854004
0.10500502586364746
0.2052478790283203
0.17320799827575684
0.09282302856445312
0.19137001037597656
0.1652529239654541
0.1601238250732422
0.14023184776306152
0.1277313232421875
0.15228700637817383
0.1575160026550293
0.2928781509399414
0.16768479347229004
0.2345573902130127
0.2130141258239746
0.19606709480285645
0.215684175491333
0.19780611991882324
0.10689997673034668
0.22200441360473633
0.14841818809509277
0.14448785781860352
0.09043383598327637
0.19135499000549316
0.16396212577819824
0.16308188438415527
0.15511035919189453
0.1420421600341797
0.19669485092163086
0.15858101844787598
0.14634013175964355
0.15979313850402832
0.15272307395935059
0.09906387329101562
0.19956398010253906
0.15454411506652832
0.14788293838500977
0.14642691612243652
0.143388032913208
0.08683609962463379
0.177839994430542
0.14142680168151855
0.1410980224609375
0.1449577808380127
0.15034174919128418
0.0887300968170166
0.19603204727172852
0.1905217170715332
0.13964080810546875
0.14415407180786133
0.14490509033203125
0.178757905960083
0.14684796333312988
0.15057706832885742
0.1447439193725586
0.1438751220703125
0.09198832511901855
0.1846599578857422
0.17978310585021973
0.17734980583190918
0.1863570213317871
0.0973818302154541
0.17842411994934082
0.1723642349243164
0.18152999877929688
0.0896148681640625
0.20386314392089844
0.0940248966217041
0.17827987670898438
0.14316582679748535
0.14855718612670898
0.1440420150756836
0.14109516143798828
0.1393430233001709
0.15487003326416016
0.14831876754760742
0.14761614799499512
0.1426699161529541
0.14975309371948242
0.17551684379577637
0.18067598342895508
0.1938190460205078
0.19231295585632324
0.19535207748413086
0.1987917423248291
0.1940762996673584
0.18906879425048828
0.19032001495361328
0.17437005043029785
0.15626811981201172
0.14309024810791016
0.15019798278808594
0.16585993766784668
0.1620039939880371
0.09833192825317383
0.18928980827331543
0.1493089199066162
0.16030192375183105
0.15700507164001465
0.16833901405334473
0.16626882553100586
0.09480404853820801
0.20079779624938965
0.15591764450073242
0.16204190254211426
0.15728402137756348
0.1643998622894287
0.2008059024810791
0.1594860553741455
0.16134381294250488
0.1577589511871338
0.1557939052581787
0.2085421085357666
0.16634917259216309
0.16457867622375488
0.16110897064208984
0.16869401931762695
0.11892914772033691
0.220534086227417
0.19426488876342773
0.1770458221435547
0.1568288803100586
0.1647510528564453
0.16922998428344727
0.09766030311584473
0.20496392250061035
0.1968071460723877
0.22275018692016602
0.21220779418945312
0.20438694953918457
0.09279990196228027
0.1976468563079834
0.1933307647705078
0.19673871994018555
0.20037102699279785
0.20098495483398438
0.09839797019958496
0.2138371467590332
0.10001897811889648
0.19779586791992188
0.10732388496398926
0.2024850845336914
0.15580415725708008
0.15341615676879883
0.15464138984680176
0.09349226951599121
0.19610071182250977
0.18147683143615723
0.15797185897827148
0.17763996124267578
0.1849958896636963
0.15060877799987793
0.17183494567871094
0.15329599380493164
0.11813092231750488
0.22343206405639648
0.11890006065368652
0.28928709030151367
0.21760320663452148
0.18701434135437012
0.1715841293334961
0.1891498565673828
0.16977810859680176
0.09555888175964355
0.20550227165222168
0.17552876472473145
0.17285490036010742
0.1735830307006836
0.16547083854675293
0.15542101860046387
0.10731220245361328
0.2144479751586914
0.11042571067810059
0.2485809326171875
0.11670112609863281
0.22279715538024902
0.16902470588684082
0.25217366218566895
0.1871178150177002
0.23262715339660645
0.18708086013793945
0.1084890365600586
0.23823213577270508
0.20989584922790527
0.2624471187591553
0.2158677577972412
0.29448699951171875
0.21688604354858398
0.13274383544921875
0.26665306091308594
0.2505300045013428
0.11158394813537598
0.22966909408569336
0.23943495750427246
0.22781896591186523
0.22308897972106934
0.21345210075378418
0.10799193382263184
0.2688591480255127
0.17622900009155273
0.17443013191223145
0.2149038314819336
0.17321181297302246
0.17660284042358398
0.21592307090759277
0.18225407600402832
0.18852782249450684
0.23586130142211914
0.18092584609985352
0.17884516716003418
0.10560083389282227
0.2814469337463379
0.2030482292175293
0.2335948944091797
0.27207207679748535
0.18520903587341309
0.17931199073791504
0.2294788360595703
0.1796720027923584
0.17998886108398438
0.10223221778869629
0.21651315689086914
0.16806888580322266
0.1801011562347412
0.1802530288696289
0.22605395317077637
0.18993592262268066
0.19009995460510254
0.1848907470703125
0.23972415924072266
0.18083524703979492
0.18089723587036133
0.18891000747680664
0.23745107650756836
0.20730066299438477
0.21861910820007324
0.23138999938964844
0.3034818172454834
0.21062779426574707
0.1999218463897705
0.18804216384887695
0.12341022491455078
0.23868012428283691
0.18747591972351074
0.19825983047485352
0.1942300796508789
0.25129175186157227
0.19180583953857422
0.21595311164855957
0.117095947265625
0.23559236526489258
0.19724512100219727
0.21010708808898926
0.23281288146972656
0.1886909008026123
0.18515896797180176
0.24802589416503906
0.20503830909729004
0.22717714309692383
0.13237881660461426
0.29050302505493164
0.21989917755126953
0.19751501083374023
0.2400341033935547
0.18929290771484375
0.1835949420928955
0.23795819282531738
0.19791698455810547
0.19004011154174805
0.12184476852416992
0.24014711380004883
0.19242095947265625
0.19465398788452148
0.12523198127746582
0.25070786476135254
0.18892908096313477
0.19822096824645996
0.12272906303405762
0.24254488945007324
0.2064659595489502
0.21844720840454102
0.20735621452331543
0.2337338924407959
0.21883606910705566
0.1933121681213379
0.12003302574157715
0.2532389163970947
0.19092011451721191
0.18929576873779297
0.1871960163116455
0.21945691108703613
0.2024521827697754
0.19771313667297363
0.11821794509887695
0.2672438621520996
0.20413804054260254
0.20369601249694824
0.12182021141052246
0.24704575538635254
0.12146186828613281
0.26592588424682617
0.1265883445739746
0.27414703369140625
0.13561320304870605
0.28681182861328125
0.28660082817077637
0.12534594535827637
0.2568228244781494
0.2581770420074463
0.12086009979248047
0.26085972785949707
0.19591569900512695
0.2611849308013916
0.21582508087158203
0.2729461193084717
0.20872092247009277
0.13033509254455566
0.267287015914917
0.21221184730529785
0.2685978412628174
0.23258614540100098
0.2777748107910156
0.2346940040588379
0.14795494079589844
0.31945013999938965
0.1450510025024414
0.29551100730895996
0.1314539909362793
0.29697394371032715
0.22018790245056152
0.215256929397583
0.23020601272583008
0.2194981575012207
0.14007902145385742
0.28292369842529297
0.18359088897705078
0.2987489700317383
0.10521912574768066
0.23170924186706543
0.12488389015197754
0.24133968353271484
0.11623883247375488
0.23540210723876953
0.20989108085632324
0.21818971633911133
0.22850513458251953
0.1393260955810547
0.2812371253967285
0.1821599006652832
0.1800398826599121
0.18339776992797852
0.22719478607177734
0.11300492286682129
0.2409837245941162
0.2460181713104248
0.25380706787109375
0.11784911155700684
0.23243188858032227
0.26616811752319336
0.2499551773071289
0.1166841983795166
0.24424099922180176
0.1917412281036377
0.19083166122436523
0.2685120105743408
0.22839808464050293
0.22893095016479492
0.2656717300415039
0.21514391899108887
0.19919991493225098
0.10804128646850586
0.24039673805236816
0.20647120475769043
0.21271419525146484
0.25542712211608887
0.22457599639892578
0.19867181777954102
0.25684618949890137
0.19775795936584473
0.20532894134521484
0.12936806678771973
0.262239933013916
0.19916796684265137
0.20251703262329102
0.1262810230255127
0.2853271961212158
0.16941595077514648
0.28087711334228516
0.13337492942810059
0.25333690643310547
0.2761869430541992
0.12206411361694336
0.2704901695251465
0.2618701457977295
0.2726259231567383
0.13082098960876465
0.2664051055908203
0.11694788932800293
0.27007317543029785
0.12408995628356934
0.2624478340148926
0.22031092643737793
0.22462892532348633
0.2127079963684082
0.2100539207458496
0.12841176986694336
0.27365994453430176
0.2151930332183838
0.21016693115234375
0.21172714233398438
0.21474003791809082
0.13112497329711914
0.2628462314605713
0.26616907119750977
0.13051700592041016
0.3309791088104248
0.33701395988464355
0.15146589279174805
0.30965089797973633
0.13781404495239258
0.29465389251708984
0.23367094993591309
0.22217583656311035
0.22723889350891113
0.2310009002685547
0.13712692260742188
0.2813088893890381
0.21415090560913086
0.2255859375
0.21398401260375977
0.21367096900939941
0.14100289344787598
0.30048704147338867
0.2738301753997803
0.2500948905944824
0.2408130168914795
0.22596406936645508
0.13310790061950684
0.28561997413635254
0.22049784660339355
0.2264249324798584
0.13879919052124023
0.29236721992492676
0.21493983268737793
0.21483898162841797
0.13580584526062012
0.271378755569458
0.2200913429260254
0.2416231632232666
0.13675427436828613
0.27968692779541016
0.22938084602355957
0.21744942665100098
0.1367788314819336
0.28854918479919434
0.2284548282623291
0.13816332817077637
0.28760766983032227
0.1356830596923828
0.3072850704193115
0.14593100547790527
0.4024999141693115
0.21345305442810059
0.3768930435180664
0.16091609001159668
0.3072690963745117
0.1505718231201172
0.30708885192871094
0.14740395545959473
0.3017711639404297
0.14169096946716309
0.29445815086364746
0.13789010047912598
0.28823184967041016
0.1414783000946045
0.2921271324157715
0.13260912895202637
0.2826659679412842
0.15129685401916504
0.31345105171203613
0.14296913146972656
0.36068105697631836
0.14199495315551758
0.31563615798950195
0.19755172729492188
0.32491111755371094
0.1573629379272461
0.3625950813293457
0.159559965133667
0.2823948860168457
0.14459705352783203
0.30310702323913574
0.13710689544677734
0.3537442684173584
0.32392215728759766
0.33026576042175293
0.14562678337097168
0.33122897148132324
0.36480283737182617
0.37998414039611816
0.2018427848815918
0.4883890151977539
0.27304506301879883
0.470883846282959
0.2579617500305176
0.521094799041748
0.2064046859741211
0.465684175491333
0.3819148540496826
0.4018290042877197
0.2437140941619873
0.4208850860595703
0.30147695541381836
0.30723023414611816
0.21006393432617188
0.4311211109161377
0.24681878089904785
0.6356537342071533
0.21969890594482422
0.41951417922973633
0.1762099266052246
0.3744368553161621
0.13928818702697754
0.31391406059265137
0.23932981491088867
0.2506999969482422
0.2859170436859131
0.16331005096435547
0.3081190586090088
0.32018423080444336
0.14275479316711426
0.28574299812316895
0.3993957042694092
0.18977999687194824
0.31008481979370117
0.15871214866638184
0.30751824378967285
0.14722990989685059
0.2864699363708496
0.13295197486877441
0.3071601390838623
0.15022587776184082
0.30755090713500977
0.23736000061035156
0.23018407821655273
0.12451291084289551
0.2888829708099365
0.24092698097229004
0.24614787101745605
0.31141209602355957
0.23247504234313965
0.21814513206481934
0.1287848949432373
0.28362178802490234
0.14674782752990723
0.3194429874420166
0.1437830924987793
0.28040504455566406
0.23240399360656738
0.2387561798095703
0.14513397216796875
0.32242321968078613
0.2496051788330078
0.24698209762573242
0.15152716636657715
0.2778480052947998
0.24811267852783203
0.24666595458984375
0.17952299118041992
0.29534316062927246
0.1591498851776123
0.33562707901000977
0.24193978309631348
0.2584099769592285
0.17215371131896973
0.3460228443145752
0.14916110038757324
0.33511900901794434
0.29601407051086426
0.17290782928466797
0.3269932270050049
0.13550424575805664
0.30858778953552246
0.1692218780517578
0.3834512233734131
0.2935490608215332
0.2646958827972412
0.15922307968139648
0.3009610176086426
0.12812089920043945
0.31908583641052246
0.1549830436706543
0.3221871852874756
0.2834649085998535
0.16246986389160156
0.31235313415527344
0.28348779678344727
0.1773979663848877
0.3600330352783203
0.2825920581817627
0.16670799255371094
0.303865909576416
0.2591531276702881
0.161818265914917
0.3413228988647461
0.2531473636627197
0.1360771656036377
0.34198713302612305
0.16066193580627441
0.37297773361206055
0.2818763256072998
0.1693897247314453
0.314500093460083
0.26732373237609863
0.15721702575683594
0.3357071876525879
0.1551837921142578
0.30480408668518066
0.13805103302001953
0.33913516998291016
0.162017822265625
0.3373832702636719
0.26381778717041016
0.2524070739746094
0.26276397705078125
0.2549588680267334
0.3308677673339844
0.2742128372192383
0.25751519203186035
0.2405252456665039
0.2771790027618408
0.34643101692199707
0.2693650722503662
0.27376604080200195
0.27330708503723145
0.2521169185638428
0.3679161071777344
0.27941083908081055
0.4023730754852295
0.22795581817626953
0.1718902587890625
0.12216997146606445
0.2646360397338867
0.2341012954711914
0.1992182731628418
0.13344693183898926
0.30275988578796387
0.2921900749206543
0.17785906791687012
0.20901775360107422
0.24736571311950684
0.2897610664367676
0.23607182502746582
0.2554140090942383
0.19390201568603516
0.19513702392578125
0.2947819232940674
0.25641584396362305
0.2197110652923584
0.22814631462097168
0.24143004417419434
0.29021382331848145
0.1991727352142334
0.21972203254699707
0.22717690467834473
0.2296741008758545
0.13395905494689941
0.3297238349914551
0.1341567039489746
0.2627682685852051
0.21901798248291016
0.2531318664550781
0.2577810287475586
0.2296130657196045
0.22796320915222168
0.1908092498779297
0.20538997650146484
0.2213129997253418
0.20863580703735352
0.2204427719116211
0.2264859676361084
0.22287511825561523
0.25716423988342285
0.20087599754333496
0.22194504737854004
0.20385122299194336
0.21214604377746582
0.21169304847717285
0.21753191947937012
0.12973880767822266
0.2419881820678711
0.23494505882263184
0.24761486053466797
0.253615140914917
0.2301499843597412
0.2582857608795166
0.37402987480163574
0.24103808403015137
0.23263120651245117
0.2362232208251953
0.22153902053833008
0.20308923721313477
0.25452327728271484
0.22383499145507812
0.2268979549407959
0.22157621383666992
0.2268221378326416
0.20894312858581543
0.25151896476745605
0.2149670124053955
0.22199320793151855
0.2307119369506836
0.22280216217041016
0.22825288772583008
0.13326787948608398
0.30087709426879883
0.14108967781066895
0.26433300971984863
0.3059120178222656
0.31270813941955566
0.3215928077697754
0.30713915824890137
0.2521660327911377
0.2584571838378906
0.14859580993652344
0.29541492462158203
0.22684383392333984
0.23165297508239746
0.22810626029968262
0.2350928783416748
0.20815491676330566
0.2006688117980957
0.22362017631530762
0.24500107765197754
0.2146449089050293
0.19564008712768555
0.1227102279663086
0.25715112686157227
0.20256614685058594
0.12492537498474121
0.28484392166137695
0.24537086486816406
0.2425861358642578
0.23487520217895508
0.1427748203277588
0.2699100971221924
0.20587706565856934
0.24091696739196777
0.23973298072814941
0.2364051342010498
0.21878814697265625
0.2055680751800537
0.23031306266784668
0.23127198219299316
0.2414870262145996
0.2533721923828125
0.27580690383911133
0.27240705490112305
0.2063429355621338
0.2109389305114746
0.12189698219299316
0.331373929977417
0.14809012413024902
0.26175498962402344
0.2705037593841553
0.15752387046813965
0.3429439067840576
0.2709770202636719
0.2829759120941162
0.2838630676269531
0.1583259105682373
0.30626511573791504
0.3020310401916504
0.2805948257446289
0.2735328674316406
0.18477487564086914
0.35245800018310547
0.28377795219421387
0.2561609745025635
0.24036192893981934
0.2846660614013672
0.26114726066589355
0.2526540756225586
0.2589550018310547
0.15900611877441406
0.31219005584716797
0.25665998458862305
0.2883427143096924
0.2687339782714844
0.2841379642486572
0.31575989723205566
0.2817199230194092
0.25418806076049805
0.15169620513916016
0.27942609786987305
0.2159569263458252
0.23518896102905273
0.2497389316558838
0.14569306373596191
0.31337499618530273
0.14454412460327148
0.3014638423919678
0.21180987358093262
0.22245097160339355
0.253619909286499
0.15661001205444336
0.3176710605621338
0.2543361186981201
0.14981818199157715
0.30225300788879395
0.22978615760803223
0.14926409721374512
0.3359971046447754
0.2460169792175293
0.17105507850646973
0.3868119716644287
0.18213891983032227
0.3130650520324707
0.1513979434967041
0.3421046733856201
0.30271196365356445
0.18176913261413574
0.3619391918182373
0.15824675559997559
0.31057000160217285
0.14197564125061035
0.29712390899658203
0.16794085502624512
0.36432409286499023
0.28595566749572754
0.17987608909606934
0.38349485397338867
0.2699110507965088
0.15958905220031738
0.3157980442047119
0.2920408248901367
0.2792189121246338
0.17703986167907715
0.3907291889190674
0.29308581352233887
0.16958832740783691
0.32486677169799805
0.2593498229980469
0.14940428733825684
0.3618910312652588
0.2813901901245117
0.1789698600769043
0.4052469730377197
0.24607086181640625
0.15285611152648926
0.3516857624053955
0.3044407367706299
0.19726300239562988
0.4011709690093994
0.26705098152160645
0.3849921226501465
0.16039204597473145
0.32788705825805664
0.16807913780212402
0.3431580066680908
0.16106295585632324
0.36117982864379883
0.2989671230316162
0.17882013320922852
0.3805387020111084
0.26155972480773926
0.16439604759216309
0.3991401195526123
0.18233585357666016
0.3908061981201172
0.18059992790222168
0.3907639980316162
0.18311405181884766
0.32720184326171875
0.32829785346984863
0.1813192367553711
0.41480398178100586
0.18472814559936523
0.36067891120910645
0.2549099922180176
0.16087007522583008
0.35889673233032227
0.3097381591796875
0.18819594383239746
0.3844029903411865
0.3007080554962158
0.25461697578430176
0.1506650447845459
0.4058709144592285
0.20123291015625
0.45744991302490234
0.204420804977417
0.4014089107513428
0.2948791980743408
0.1663351058959961
0.351330041885376
0.2851288318634033
0.17702913284301758
0.3898758888244629
0.2934091091156006
0.16966891288757324
0.4475710391998291
0.3157048225402832
0.18563008308410645
0.37900590896606445
0.3010239601135254
0.17092514038085938
0.3370239734649658
0.2556030750274658
0.14985895156860352
0.3342750072479248
0.3527188301086426
0.2350010871887207
0.4223330020904541
0.3004128932952881
0.14454412460327148
0.314816951751709
0.2500319480895996
0.15491795539855957
0.3089022636413574
0.2685060501098633
0.2822740077972412
0.24930691719055176
0.24654626846313477
0.2501699924468994
0.1508638858795166
0.3356008529663086
0.29347991943359375
0.2564101219177246
0.26743388175964355
0.2720608711242676
0.17139196395874023
0.3530843257904053
0.2704181671142578
0.2638511657714844
0.24978995323181152
0.1686849594116211
0.32054901123046875
0.23879599571228027
0.23973703384399414
0.23081398010253906
0.14677000045776367
0.3066999912261963
0.2300581932067871
0.24334216117858887
0.16092801094055176
0.322145938873291
0.26209497451782227
0.23060297966003418
0.1451399326324463
0.2960927486419678
0.2364060878753662
0.2502450942993164
0.24704623222351074
0.24811601638793945
0.2624976634979248
0.15787291526794434
0.33824586868286133
0.2588670253753662
0.35966014862060547
0.3374340534210205
0.34179115295410156
0.3534688949584961
0.2977559566497803
0.31409502029418945
0.3195052146911621
0.28487610816955566
0.2824678421020508
0.18662524223327637
0.38664698600769043
0.26619815826416016
0.26884889602661133
0.2890758514404297
0.17449092864990234
0.3558309078216553
0.2636871337890625
0.2927529811859131
0.2467639446258545
0.2518956661224365
0.14546918869018555
0.31556105613708496
0.25844788551330566
0.2730731964111328
0.2881741523742676
0.15934395790100098
0.33588194847106934
0.26958489418029785
0.2628331184387207
0.25464415550231934
0.16163206100463867
0.3363316059112549
0.27879810333251953
0.35953783988952637
0.3590660095214844
0.30995774269104004
0.15902113914489746
0.35860395431518555
0.29949522018432617
0.26697230339050293
0.28406786918640137
0.1743180751800537
0.35210394859313965
0.2662527561187744
0.25841689109802246
0.2734189033508301
0.2886180877685547
0.2654862403869629
0.29323911666870117
0.293651819229126
0.272655725479126
0.16906213760375977
0.34047579765319824
0.2569239139556885
0.2757139205932617
0.2906301021575928
0.15330934524536133
0.3697061538696289
0.2846798896789551
0.2952408790588379
0.2812039852142334
0.2880861759185791
0.3022739887237549
0.1764519214630127
0.38536906242370605
0.31070899963378906
0.2873718738555908
0.3057079315185547
0.1772451400756836
0.354633092880249
0.3090989589691162
0.29631996154785156
0.30240893363952637
0.27104711532592773
0.2731668949127197
0.17423796653747559
0.3756847381591797
0.30007004737854004
0.15854310989379883
0.34876394271850586
0.3000645637512207
0.18863391876220703
0.38357996940612793
0.2671959400177002
0.18215298652648926
0.5692849159240723
0.2513008117675781
0.14175915718078613
0.29265403747558594
0.24306178092956543
0.24566102027893066
0.23811006546020508
0.14229989051818848
0.308499813079834
0.2670581340789795
0.2744009494781494
0.26525306701660156
0.16324901580810547
0.33725595474243164
0.23793697357177734
0.23673605918884277
0.14789700508117676
0.33716392517089844
0.23656582832336426
0.24052214622497559
0.22967195510864258
0.15781807899475098
0.3262460231781006
0.254410982131958
0.15248370170593262
0.31098008155822754
0.23875784873962402
0.2505679130554199