0.06111264228820801
0.09549975395202637
0.08706808090209961
0.07166576385498047
0.07365131378173828
0.07931995391845703
0.08140921592712402
0.048744916915893555
0.10332703590393066
0.07276678085327148
0.07261395454406738
0.07561206817626953
0.07817697525024414
0.07905983924865723
0.07597613334655762
0.04709196090698242
0.09555816650390625
0.07979607582092285
0.07929086685180664
0.08224010467529297
0.08111429214477539
0.07713198661804199
0.04941916465759277
0.094757080078125
0.08400607109069824
0.07807183265686035
0.0761101245880127
0.07589030265808105
0.07523584365844727
0.047239065170288086
0.09721612930297852
0.07990622520446777
0.07592487335205078
0.07557415962219238
0.07794904708862305
0.07772397994995117
0.051001787185668945
0.09439778327941895
0.08020567893981934
0.07803010940551758
0.07736706733703613
0.07844185829162598
0.07720708847045898
0.09906888008117676
0.08135199546813965
0.0789487361907959
0.0815579891204834
0.07924389839172363
0.08053016662597656
0.08064603805541992
0.05207014083862305
0.10162997245788574
0.08249187469482422
0.08391594886779785
0.0847620964050293
0.08357596397399902
0.08333587646484375
0.053491830825805664
0.10381913185119629
0.08281397819519043
0.08664298057556152
0.08264493942260742
0.08383822441101074
0.055233001708984375
0.11859726905822754
0.08259081840515137
0.08359599113464355
0.08332514762878418
0.0837099552154541
0.08588504791259766
0.05271720886230469
0.10686588287353516
0.08645200729370117
0.08417391777038574
0.0858309268951416
0.08696222305297852
0.08566594123840332
0.054595947265625
0.10793089866638184
0.08517313003540039
0.08753418922424316
0.0893392562866211
0.08708500862121582
0.05449104309082031
0.10883283615112305
0.08707404136657715
0.0544590950012207
0.11202692985534668
0.08720111846923828
0.08889508247375488
0.08995199203491211
0.08914494514465332
0.09058904647827148
0.05757403373718262
0.11415290832519531
0.09080076217651367
0.08930730819702148
0.09279704093933105
0.09170699119567871
0.09598278999328613
0.0565340518951416
0.11644411087036133
0.08992791175842285
0.09292221069335938
0.09356689453125
0.09220409393310547
0.09382390975952148
0.09589123725891113
0.05724072456359863
0.1193702220916748
0.0943288803100586
0.09667134284973145
0.09401988983154297
0.09435009956359863
0.09547209739685059
0.09448385238647461
0.05945587158203125
0.11861610412597656
0.0968928337097168
0.0982217788696289
0.09590816497802734
0.06244301795959473
0.12058496475219727
0.09599518775939941
0.09781408309936523
0.061754703521728516
0.12447309494018555
0.09816288948059082
0.06342506408691406
0.12269067764282227
0.09823822975158691
0.06310081481933594
0.12442493438720703
0.09821105003356934
0.060830116271972656
0.12453079223632812
0.09847879409790039
0.0632331371307373
0.1246500015258789
0.1000509262084961
0.06258702278137207
0.12691998481750488
0.10790705680847168
0.10220098495483398
0.06319785118103027
0.1287229061126709
0.10913205146789551
0.10117411613464355
0.06273198127746582
0.12723898887634277
0.10510802268981934
0.10198593139648438
0.062376976013183594
0.13019490242004395
0.10342121124267578
0.10225605964660645
0.06284403800964355
0.13045072555541992
0.1038818359375
0.06432509422302246
0.1331777572631836
0.10506796836853027
0.12172198295593262
0.06386303901672363
0.12548208236694336
0.10423088073730469
0.10203099250793457
0.06238102912902832
0.13046789169311523
0.10362100601196289
0.10433006286621094
0.0644841194152832
0.12992215156555176
0.10239982604980469
0.06368494033813477
0.13230109214782715
0.10564398765563965
0.10492587089538574
0.06774401664733887
0.13604998588562012
0.10981202125549316
0.11870479583740234
0.11468696594238281
0.07185196876525879
0.14084911346435547
0.10963702201843262
0.11293697357177734
0.06920194625854492
0.14089226722717285
0.10889387130737305
0.06959319114685059
0.13448596000671387
0.10832476615905762
0.06746506690979004
0.13808512687683105
0.06830883026123047
0.13695597648620605
0.06854510307312012
0.13887715339660645
0.07006478309631348
0.14090204238891602
0.06980180740356445
0.13789796829223633
0.06820321083068848
0.1385490894317627
0.07012081146240234
0.1418159008026123
0.06820511817932129
0.14234590530395508
0.07016611099243164
0.1403791904449463
0.14456892013549805
0.06916570663452148
0.14437198638916016
0.11298799514770508
0.11496210098266602
0.11639904975891113
0.11623597145080566
0.11489486694335938
0.11419486999511719
0.14609003067016602
0.11556196212768555
0.1132500171661377
0.11509513854980469
0.11675500869750977
0.11619210243225098
0.11619925498962402
0.07150578498840332
0.1443321704864502
0.11677885055541992
0.12007284164428711
0.07095980644226074
0.14568710327148438
0.1165471076965332
0.11858415603637695
0.11559867858886719
0.11631107330322266
0.14960503578186035
0.11698508262634277
0.11619400978088379
0.11794400215148926
0.12095880508422852
0.07219815254211426
0.14926886558532715
0.12145185470581055
0.1198577880859375
0.11902904510498047
0.12044119834899902
0.0741279125213623
0.15111017227172852
0.12330961227416992
0.12301898002624512
0.1212148666381836
0.12367796897888184
0.07529902458190918
0.1534900665283203
0.12155914306640625
0.12676596641540527
0.12215113639831543
0.12324786186218262
0.15433812141418457
0.12452197074890137
0.12439203262329102
0.12679409980773926
0.12456297874450684
0.07639813423156738
0.15669894218444824
0.15885162353515625
0.15791893005371094
0.1567392349243164
0.07903885841369629
0.1560211181640625
0.16571617126464844
0.16501283645629883
0.07757687568664551
0.1659247875213623
0.08401799201965332
0.17357492446899414
0.1370837688446045
0.14390087127685547
0.14394426345825195
0.13990402221679688
0.1340160369873047
0.1382589340209961
0.13674306869506836
0.14385271072387695
0.13415074348449707
0.1365070343017578
0.13399100303649902
0.1355910301208496
0.17378926277160645
0.13213276863098145
0.14030718803405762
0.13910889625549316
0.13802385330200195
0.13083505630493164
0.1380000114440918
0.13887500762939453
0.13763689994812012
0.13801288604736328
0.14018726348876953
0.14400267601013184
0.14161324501037598
0.08557605743408203
0.1769580841064453
0.1402571201324463
0.1421518325805664
0.14399290084838867
0.14135098457336426
0.14352631568908691
0.08475089073181152
0.1792449951171875
0.1406688690185547
0.13916397094726562
0.14744091033935547
0.14238524436950684
0.1791989803314209
0.14539313316345215
0.13445615768432617
0.1288130283355713
0.12956905364990234
0.16800689697265625
0.13313674926757812
0.13012194633483887
0.13458013534545898
0.134721040725708
0.0798490047454834
0.16640114784240723
0.1331799030303955
0.13350200653076172
0.13070011138916016
0.13214969635009766
0.13196396827697754
0.0794229507446289
0.16966700553894043
0.16853880882263184
0.16789507865905762
0.17480921745300293
0.17853593826293945
0.08924293518066406
0.17827105522155762
0.17866301536560059
0.1824948787689209
0.1810002326965332
0.18035292625427246
0.08774709701538086
0.18636608123779297
0.08818292617797852
0.1825547218322754
0.08698296546936035
0.18210196495056152
0.14612936973571777
0.1450948715209961
0.1451280117034912
0.08927178382873535
0.18017983436584473
0.1477980613708496
0.1461629867553711
0.087493896484375
0.1903679370880127
0.15243291854858398
0.14522695541381836
0.14869213104248047
0.08847689628601074
0.18903207778930664
0.08990311622619629
0.18561792373657227
0.15004801750183105
0.15122413635253906
0.14932727813720703
0.15130901336669922
0.15000295639038086
0.09173107147216797
0.1906569004058838
0.15218114852905273
0.15056705474853516
0.15110993385314941
0.15435099601745605
0.14993500709533691
0.09238409996032715
0.20024394989013672
0.0955049991607666
0.19254803657531738
0.09622502326965332
0.1971268653869629
0.15126800537109375
0.1975390911102295
0.15720391273498535
0.19274592399597168
0.19195103645324707
0.09393811225891113
0.18168020248413086
0.14620018005371094
0.1853160858154297
0.1461319923400879
0.18729901313781738
0.14974308013916016
0.08946490287780762
0.18290495872497559
0.18494892120361328
0.09256291389465332
0.1859910488128662
0.18410086631774902
0.1879589557647705
0.1876058578491211
0.187758207321167
0.09542703628540039
0.18844079971313477
0.14971423149108887
0.15170693397521973
0.18736720085144043
0.14913582801818848
0.1492452621459961
0.1887369155883789
0.15287399291992188
0.15251469612121582
0.19374632835388184
0.15234589576721191
0.15714406967163086
0.09703207015991211
0.1946091651916504
0.15151715278625488
0.15246200561523438
0.19364476203918457
0.1518709659576416
0.15334606170654297
0.19211220741271973
0.15432381629943848
0.15430903434753418
0.09358906745910645
0.19644784927368164
0.16880011558532715
0.16739106178283691
0.16382193565368652
0.2212679386138916
0.1700601577758789
0.1646437644958496
0.1565539836883545
0.19819307327270508
0.15726923942565918
0.15805888175964355
0.1595160961151123
0.23256516456604004
0.16890883445739746
0.17618513107299805
0.17084574699401855
0.2129530906677246
0.17471003532409668
0.17417025566101074
0.17131519317626953
0.1035771369934082
0.20555710792541504
0.17038822174072266
0.16812705993652344
0.16827797889709473
0.2152400016784668
0.1715068817138672
0.1679239273071289
0.10314488410949707
0.21855473518371582
0.1698312759399414
0.16593694686889648
0.21398496627807617
0.17259907722473145
0.17322301864624023
0.22273707389831543
0.1695098876953125
0.1621401309967041
0.09853196144104004
0.2060251235961914
0.169921875
0.1656029224395752
0.20592093467712402
0.1678321361541748
0.168776273727417
0.20778274536132812
0.16506218910217285
0.16689515113830566
0.10138392448425293
0.20989608764648438
0.16695308685302734
0.16513681411743164
0.10011506080627441
0.21283698081970215
0.17063498497009277
0.16552305221557617
0.1036369800567627
0.21277379989624023
0.17004108428955078
0.16779589653015137
0.17031192779541016
0.16742920875549316
0.16953587532043457
0.17218327522277832
0.10227513313293457
0.21542096138000488
0.17222881317138672
0.1741170883178711
0.1790757179260254
0.172515869140625
0.1713881492614746
0.1699998378753662
0.10318303108215332
0.2165520191192627
0.1730649471282959
0.17405295372009277
0.10362410545349121
0.2223818302154541
0.11676216125488281
0.22934794425964355
0.10278701782226562
0.22948098182678223
0.10837101936340332
0.21811699867248535
0.23136401176452637
0.11255717277526855
0.2358841896057129
0.23676800727844238
0.10590910911560059
0.22395896911621094
0.17467689514160156
0.2220296859741211
0.17684412002563477
0.22092318534851074
0.17676806449890137
0.1065828800201416
0.22075700759887695
0.17868709564208984
0.22379207611083984
0.17721962928771973
0.2276291847229004
0.17718505859375
0.10798311233520508
0.22572112083435059
0.10697793960571289
0.2290811538696289
0.11075496673583984
0.22624993324279785
0.1822512149810791
0.1801137924194336
0.17961812019348145
0.18120479583740234
0.11071109771728516
0.2260150909423828
0.10807609558105469
0.23351788520812988
0.10915088653564453
0.22985506057739258
0.11076831817626953
0.22882390022277832
0.10967087745666504
0.22849297523498535
0.18429183959960938
0.18640422821044922
0.18177318572998047
0.11332893371582031
0.24123215675354004
0.1878490447998047
0.19247674942016602
0.1854720115661621
0.18352079391479492
0.11227703094482422
0.2809028625488281
0.20792484283447266
0.20972394943237305
0.09811282157897949
0.21070003509521484
0.21333694458007812
0.20755720138549805
0.1045379638671875
0.20974183082580566
0.16604018211364746
0.1699531078338623
0.20935988426208496
0.167985200881958
0.17016005516052246
0.2116100788116455
0.16870784759521484
0.17193889617919922
0.10051703453063965
0.21367573738098145
0.17258715629577637
0.16657495498657227
0.21554207801818848
0.17161798477172852
0.16768503189086914
0.22032904624938965
0.17206501960754395
0.1679983139038086
0.10628890991210938
0.21894192695617676
0.17112326622009277
0.17082667350769043
0.10498166084289551
0.2176501750946045
0.10613584518432617
0.21808409690856934
0.10705780982971191
0.21988296508789062
0.21938109397888184
0.1115717887878418
0.23341584205627441
0.2232818603515625
0.2244729995727539
0.10529875755310059
0.2193009853363037
0.1089181900024414
0.21851110458374023
0.1105191707611084
0.22380685806274414
0.17804598808288574
0.17473316192626953
0.17800378799438477
0.1790306568145752
0.10643625259399414
0.221937894821167
0.1801750659942627
0.17638301849365234
0.17882513999938965
0.1817023754119873
0.10715270042419434
0.22486233711242676
0.22798681259155273
0.10814690589904785
0.22516107559204102
0.23006105422973633
0.10821390151977539
0.22625303268432617
0.11075878143310547
0.22905993461608887
0.17937397956848145
0.1839888095855713
0.1816561222076416
0.18348908424377441
0.10988712310791016
0.2285780906677246
0.18014192581176758
0.18104887008666992
0.18276214599609375
0.18305277824401855
0.11237192153930664
0.2297499179840088
0.18315887451171875
0.1832258701324463
0.18327713012695312
0.20702409744262695
0.11216473579406738
0.23276114463806152
0.18593096733093262
0.1825580596923828
0.1121208667755127
0.23664116859436035
0.18264293670654297
0.18902111053466797
0.11198711395263672
0.2328200340270996
0.1861560344696045
0.188187837600708
0.11190605163574219
0.2405719757080078
0.18763113021850586
0.18616795539855957
0.11477184295654297
0.2370741367340088
0.1873009204864502
0.11568880081176758
0.23616814613342285
0.1140739917755127
0.238785982131958
0.11352896690368652
0.23944616317749023
0.11436963081359863
0.2378239631652832
0.1157691478729248
0.2408602237701416
0.11428999900817871
0.2424299716949463
0.1139531135559082
0.23754382133483887
0.1183927059173584
0.2427661418914795
0.11406898498535156
0.24283814430236816
0.11695599555969238
0.2413480281829834
0.11670207977294922
0.24039983749389648
0.11603307723999023
0.24260187149047852
0.11377501487731934
0.24849700927734375
0.1170511245727539
0.24362969398498535
0.12578725814819336
0.27783894538879395
0.11848711967468262
0.2545008659362793
0.11869692802429199
0.2514309883117676
0.12198400497436523
0.2535820007324219
0.12235069274902344
0.25286412239074707
0.20099806785583496
0.20229196548461914
0.11979818344116211
0.2567019462585449
0.19852590560913086
0.20117497444152832
0.12418889999389648
0.25693202018737793
0.11635088920593262
0.24576306343078613
0.12218904495239258
0.27486491203308105
0.13492894172668457
0.2782449722290039
0.22267389297485352
0.2239530086517334
0.13342809677124023
0.2817690372467041
0.22419500350952148
0.21981596946716309
0.1324610710144043
0.2812950611114502
0.1333470344543457
0.278029203414917
0.13193702697753906
0.28425025939941406
0.13741064071655273
0.2888331413269043
0.19175004959106445
0.2156050205230713
0.17196893692016602
0.17067885398864746
0.16811919212341309
0.10567283630371094
0.21641325950622559
0.2208418846130371
0.10480690002441406
0.21860885620117188
0.21837282180786133
0.10434722900390625
0.21510672569274902
0.10008120536804199
0.21803879737854004
0.09686112403869629
0.21069812774658203
0.10192108154296875
0.20677590370178223
0.11160707473754883
0.22371768951416016
0.15839099884033203
0.1642289161682129
0.09987020492553711
0.21038818359375
0.16751980781555176
0.17098498344421387
0.229248046875
0.17979001998901367
0.1703789234161377
0.10399580001831055
0.2167370319366455
0.10587906837463379
0.2212848663330078
0.10427427291870117
0.22452712059020996
0.18854117393493652
0.21040916442871094
0.12664484977722168
0.24101710319519043
0.19576406478881836
0.21605992317199707
0.10850000381469727
0.22677206993103027
0.18209409713745117
0.1733849048614502
0.10423803329467773
0.21637988090515137
0.10687375068664551
0.21979475021362305
0.17967987060546875
0.1714928150177002
0.10657000541687012
0.21253299713134766
0.10041117668151855
0.21335291862487793
0.16684579849243164
0.10043501853942871
0.21846604347229004
0.1045980453491211
0.21691203117370605
0.1059420108795166
0.24189496040344238
0.18435215950012207
0.17206311225891113
0.1063690185546875
0.2239840030670166
0.10771298408508301
0.21401071548461914
0.10614705085754395
0.24397802352905273
0.17530107498168945
0.1034698486328125
0.2143700122833252
0.16878890991210938
0.10379219055175781
0.21561908721923828
0.1763441562652588
0.11008191108703613
0.22731995582580566
0.17909789085388184
0.10843610763549805
0.22604894638061523
0.17670726776123047
0.10906696319580078
0.2271268367767334
0.10768818855285645
0.22244715690612793
0.17967677116394043
0.11697673797607422
0.23863506317138672
0.1809248924255371
0.11089801788330078
0.2303757667541504
0.11061930656433105
0.23133373260498047
0.11632084846496582
0.22171497344970703
0.11490511894226074
0.22280097007751465
0.18606090545654297
0.1862499713897705
0.18440508842468262
0.183851957321167
0.23450374603271484
0.18583106994628906
0.183272123336792
0.17702007293701172
0.1905052661895752
0.25466108322143555
0.1849820613861084
0.1896378993988037
0.18234491348266602
0.18501615524291992
0.24036216735839844
0.1837632656097412
0.18417000770568848
0.18456125259399414
0.19954609870910645
0.11837506294250488
0.23637604713439941
0.18525195121765137
0.18686389923095703
0.11782622337341309
0.2503678798675537
0.1935107707977295
0.19390106201171875
0.1933910846710205
0.19708704948425293
0.2493147850036621
0.18845105171203613
0.18527579307556152
0.1880490779876709
0.17923498153686523
0.2340717315673828
0.1968822479248047
0.18155694007873535
0.18081402778625488
0.18247199058532715
0.2286090850830078
0.18246197700500488
0.1817941665649414
0.18092608451843262
0.1833958625793457
0.1094961166381836
0.2300701141357422
0.11549782752990723
0.23231792449951172
0.18352508544921875
0.18330597877502441
0.18463492393493652
0.1834580898284912
0.18635201454162598
0.18370413780212402
0.18288111686706543
0.18247175216674805
0.1852128505706787
0.1885080337524414
0.1893761157989502
0.18955326080322266
0.23965191841125488
0.18777918815612793
0.24082398414611816
0.15622305870056152
0.14904499053955078
0.14700889587402344
0.1463019847869873
0.09003591537475586
0.1864161491394043
0.14818787574768066
0.15178298950195312
0.14852499961853027
0.14838480949401855
0.15179800987243652
0.18759703636169434
0.1505599021911621
0.15156888961791992
0.15091395378112793
0.15131115913391113
0.15159988403320312
0.19095802307128906
0.1562039852142334
0.150346040725708
0.15191984176635742
0.15451502799987793
0.15942668914794922
0.2039501667022705
0.16633391380310059
0.15634417533874512
0.15281295776367188
0.15637779235839844
0.15383434295654297
0.0972287654876709
0.21048212051391602
0.10088181495666504
0.2072451114654541
0.2076401710510254
0.20937395095825195
0.20780277252197266
0.21115899085998535
0.20707321166992188
0.21573400497436523
0.10687494277954102
0.21674799919128418
0.1731259822845459
0.1623210906982422
0.16392779350280762
0.1676633358001709
0.1658179759979248
0.1705770492553711
0.1656041145324707
0.16863489151000977
0.17538905143737793
0.17338013648986816
0.1028141975402832
0.21573781967163086
0.16613197326660156
0.10469412803649902
0.21660900115966797
0.1711139678955078
0.1693897247314453
0.17331290245056152
0.10873699188232422
0.24800896644592285
0.16409015655517578
0.1686091423034668
0.17450690269470215
0.1719517707824707
0.17259907722473145
0.1695702075958252
0.16522479057312012
0.16433501243591309
0.16400814056396484
0.164780855178833
0.16437220573425293
0.1652202606201172
0.1648571491241455
0.16379404067993164
0.10129714012145996
0.2137298583984375
0.10122013092041016
0.21028709411621094
0.1657400131225586
0.10016274452209473
0.20711135864257812
0.16702699661254883
0.16786789894104004
0.16721892356872559
0.10221004486083984
0.21106910705566406
0.1673569679260254
0.1678760051727295
0.16816997528076172
0.10185408592224121
0.2136368751525879
0.16912508010864258
0.16882681846618652
0.17043685913085938
0.16811084747314453
0.16890406608581543
0.16866517066955566
0.17012310028076172
0.10420393943786621
0.2159888744354248
0.17138004302978516
0.17106103897094727
0.17084097862243652
0.1705310344696045
0.17261004447937012
0.17107772827148438
0.1744670867919922
0.10467100143432617
0.21659111976623535
0.17515277862548828
0.17233014106750488
0.17411398887634277
0.1088252067565918
0.24501490592956543
0.11585688591003418
0.24203228950500488
0.18182992935180664
0.17587995529174805
0.17461681365966797
0.10724997520446777
0.22045493125915527
0.17499637603759766
0.1075599193572998
0.22213411331176758
0.17593598365783691
0.11017298698425293
0.2229161262512207
0.1772160530090332
0.10675621032714844
0.22307515144348145
0.10909175872802734
0.22438812255859375
0.10790014266967773
0.224013090133667
0.1798100471496582
0.10978889465332031
0.2358381748199463
0.11699676513671875
0.24077701568603516
0.11195588111877441
0.2337808609008789
0.1089029312133789
0.22800397872924805
0.1810288429260254
0.10962033271789551
0.22967290878295898
0.18229079246520996
0.11010313034057617
0.23143696784973145
0.18490290641784668
0.18255996704101562
0.11083793640136719
0.22970223426818848
0.18222808837890625
0.11353302001953125
0.23078203201293945
0.19037818908691406
0.1175241470336914
0.23084115982055664
0.1839900016784668
0.1111288070678711
0.25002217292785645
0.19945192337036133
0.08904719352722168
0.1862330436706543
0.14946699142456055
0.09002184867858887
0.18915367126464844
0.09025812149047852
0.18718481063842773
0.090911865234375
0.19068002700805664
0.09447288513183594
0.20575881004333496
0.0962522029876709
0.19537115097045898
0.15066981315612793
0.0915670394897461
0.19552397727966309
0.15295076370239258
0.09239983558654785
0.19197630882263184
0.09218573570251465
0.19825196266174316
0.09594392776489258
0.19560909271240234
0.09557390213012695
0.19556498527526855
0.15430617332458496
0.09349465370178223
0.1998751163482666
0.09431099891662598
0.19724607467651367
0.15913891792297363
0.09477901458740234
0.19791674613952637
0.16046905517578125
0.09360289573669434
0.1976022720336914
0.1577441692352295
0.15552997589111328
0.09586191177368164
0.20058965682983398
0.09696793556213379
0.19783997535705566
0.09658074378967285
0.2017960548400879
0.15736699104309082
0.09779095649719238
0.20193886756896973
0.15991902351379395
0.09968805313110352
0.20330309867858887
0.15901494026184082
0.09953713417053223
0.2039318084716797
0.1680607795715332
0.10904979705810547
0.2270350456237793
0.16744089126586914
0.10151195526123047
0.20418882369995117
0.16351985931396484
0.10394501686096191
0.2195727825164795
0.17079663276672363
0.1025991439819336
0.21465802192687988
0.16617774963378906
0.10142827033996582
0.2160341739654541
0.17462992668151855
0.1039268970489502
0.2093970775604248
0.1670999526977539
0.16280698776245117
0.16441988945007324
0.16655993461608887
0.16354107856750488
0.10117506980895996
0.2107541561126709
0.1661210060119629
0.16626405715942383
0.1670546531677246
0.16652417182922363
0.1022639274597168
0.21178221702575684
0.16524481773376465
0.1681361198425293
0.16916608810424805
0.10281801223754883
0.2109670639038086
0.16701698303222656
0.17213177680969238
0.17840099334716797
0.1080789566040039
0.22289299964904785
0.17333102226257324
0.17461776733398438
0.10695719718933105
0.22699189186096191
0.1778099536895752
0.18892693519592285
0.10673999786376953
0.22560906410217285
0.17842984199523926
0.17807888984680176
0.18035101890563965
0.17826604843139648
0.18144488334655762
0.11021685600280762
0.2271430492401123
0.18546199798583984
0.17980122566223145
0.18510103225708008
0.17937088012695312
0.17967581748962402
0.18999791145324707
0.19414591789245605
0.17812895774841309
0.17841506004333496
0.18571710586547852
0.1114509105682373
0.23335719108581543
0.1846022605895996
0.18236684799194336
0.18257689476013184
0.11090326309204102
0.23174309730529785
0.18355798721313477
0.18525385856628418
0.18514299392700195
0.1848139762878418
0.11324596405029297
0.23508906364440918
0.18499469757080078
0.1847069263458252
0.18475604057312012
0.11533021926879883
0.2397019863128662
0.18534278869628906
0.19150090217590332
0.20139598846435547
0.12085890769958496
0.2517528533935547
0.19772791862487793
0.1955399513244629
0.1925523281097412
0.20250606536865234
0.11946964263916016
0.24773502349853516
0.19352412223815918
0.204301118850708
0.20011091232299805
0.11925721168518066
0.25460290908813477
0.19919800758361816
0.19693517684936523
0.19095206260681152
0.1927168369293213
0.19021177291870117
0.1927030086517334
0.19031977653503418
0.1898190975189209
0.11725997924804688
0.24340605735778809
0.20119118690490723
0.21538686752319336
0.20403003692626953
0.12418293952941895
0.25179600715637207
0.27283477783203125
0.17011499404907227
0.16021990776062012
0.16404509544372559
0.1596360206604004
0.10026812553405762
0.21231985092163086
0.16280388832092285
0.16434621810913086
0.1613938808441162
0.10174107551574707
0.20969104766845703
0.16640686988830566
0.16852784156799316
0.1631331443786621
0.1666266918182373
0.17378592491149902
0.10259413719177246
0.20585894584655762
0.15895318984985352
0.09622669219970703
0.2033710479736328
0.17009305953979492
0.10544490814208984
0.21420598030090332
0.16815781593322754
0.10007905960083008
0.21750307083129883
0.17165207862854004
0.10481810569763184
0.20885610580444336
0.16497397422790527
0.16072988510131836
0.1646718978881836
0.09840703010559082
0.2204442024230957
0.1704568862915039
0.1703929901123047
0.16666412353515625
0.10203194618225098
0.21005010604858398
0.16683077812194824
0.17055106163024902
0.10382294654846191
0.22530078887939453
0.17081809043884277
0.17047619819641113
0.1707148551940918
0.10686707496643066
0.2140979766845703
0.17027711868286133
0.10434103012084961
0.21267199516296387
0.1695258617401123
0.17029500007629395